## K邻近

              precision    recall  f1-score   support

           0       0.56      0.60      0.58    102340
           1       0.92      0.93      0.93     23699
           2       0.94      0.78      0.85     26864
           3       0.83      0.82      0.82     22132
           4       0.85      0.88      0.87     32033
           5       0.39      0.21      0.27     24646
           6       0.77      0.89      0.82     24577
           7       0.80      0.95      0.87     26271
          12       0.32      0.33      0.33     14281
          13       0.16      0.22      0.19     12727
          16       0.90      0.67      0.77     24445
          17       0.89      0.96      0.92     33034
          24       0.00      0.00      0.00      7732

    accuracy                           0.69    374781
   macro avg       0.64      0.63      0.63    374781
weighted avg       0.69      0.69      0.68    374781



## 决策树

              precision    recall  f1-score   support

           0       0.44      0.73      0.55    102340
           1       0.66      0.96      0.78     23699
           2       0.83      0.86      0.84     26864
           3       0.94      0.75      0.84     22132
           4       0.24      0.16      0.19     32033
           5       0.71      0.53      0.61     24646
           6       0.05      0.01      0.02     24577
           7       0.31      0.15      0.21     26271
          12       0.63      0.63      0.63     14281
          13       0.66      0.54      0.59     12727
          16       0.88      0.06      0.11     24445
          17       0.86      0.85      0.86     33034
          24       0.38      0.33      0.35      7732

    accuracy                           0.56    374781
   macro avg       0.58      0.51      0.51    374781
weighted avg       0.56      0.56      0.52    374781
## 高斯朴素贝叶斯

              precision    recall  f1-score   support

           0       0.62      0.81      0.70    102340
           1       0.97      0.91      0.94     23699
           2       1.00      0.65      0.79     26864
           3       0.60      0.66      0.63     22132
           4       0.91      0.77      0.83     32033
           5       1.00      0.00      0.00     24646
           6       0.87      0.72      0.79     24577
           7       0.31      0.47      0.37     26271
          12       0.52      0.59      0.55     14281
          13       0.61      0.50      0.55     12727
          16       0.89      0.72      0.79     24445
          17       0.75      0.91      0.82     33034
          24       0.59      0.24      0.34      7732

    accuracy                           0.68    374781
   macro avg       0.74      0.61      0.62    374781
weighted avg       0.74      0.68      0.67    374781
